[4.18175936e-01 8.25844413e-01 8.06415499e-01 8.52636983e-01
 8.22076779e-01 4.40680678e-01 9.52666996e-02 5.85264934e-01
 5.54089438e-01 9.41046915e-01 6.11897040e-01 7.82820174e-01
 9.22730594e-01 3.53312972e-01 6.83989535e-01 9.10081033e-01
 8.72819032e-01 5.27523963e-01 9.08131968e-01 9.46029353e-01
 8.38230878e-01 7.57828327e-01 4.42762813e-01 2.86415386e-01
 6.49151109e-01 3.78887922e-01 4.06456375e-01 2.67144394e-01
 5.15332699e-01 3.85670184e-01 7.51193813e-01 7.95207766e-01
 5.01421541e-01 7.00330489e-01 5.90964911e-01 5.21559014e-01
 5.59944323e-01 5.62347249e-01 9.46772617e-01 5.25594036e-01
 8.59445839e-01 8.06846879e-01 6.86422849e-01 6.98751965e-01
 8.71738479e-01 5.04803060e-01 1.02514496e-01 4.16023898e-01
 3.84461084e-01 5.94981255e-01 7.56016420e-01 7.21183835e-01
 8.69878906e-01 6.14637523e-01 7.49068093e-02 7.78831471e-01
 9.75204139e-01 1.29506923e-01 4.05616404e-01 7.18529139e-01
 9.42524465e-01 1.95747184e-01 5.39369764e-02 7.58643102e-01
 7.59388353e-01 8.86725592e-01 5.94598880e-01 8.68274044e-01
 8.72824092e-01 2.79635093e-01 5.95824153e-01 5.26078470e-01
 7.02370002e-01 2.80008976e-01 8.73604166e-01 9.81123979e-01
 9.29780645e-01 9.06209616e-02 5.30340023e-01 8.29981833e-01
 7.10521309e-01 8.00890812e-01 7.82861619e-01 5.46308562e-01
 2.88327727e-01 8.51720665e-01 9.12399493e-01 8.08711680e-01
 7.73047339e-01 4.65961795e-01 7.89433557e-01 8.12016026e-01
 8.65897631e-01 7.96621911e-01 2.83364119e-01 6.39611557e-01
 8.82520956e-01 9.54574516e-01 3.03779481e-01 8.08245545e-01
 1.08771990e-01 5.82426498e-01 9.97892533e-01 5.00050453e-01
 3.55627125e-01 7.47574141e-01 7.71833748e-01 8.31054247e-01
 9.45717096e-01 4.00716373e-01 9.87405259e-01 1.07453603e-01
 7.82088380e-01 2.91998945e-01 1.27042169e-01 4.47550156e-01
 5.26967384e-01 7.07974669e-01 3.84224034e-01 1.51708527e-02
 7.90056573e-01 1.33853975e-01 9.68868214e-01 6.63122619e-01
 4.94772998e-01 9.83478371e-01 2.20101778e-01 7.50939201e-01
 5.00925044e-01 9.38001515e-01 9.89421441e-01 9.29322479e-01
 8.85465734e-01 1.43595194e-01 4.28571538e-01 4.47940041e-03
 3.46260150e-01 5.41734386e-01 5.90209886e-01 2.04699795e-01
 2.59294168e-01 5.35038723e-01 3.71146941e-02 3.45976215e-01
 4.17692636e-01 3.85785135e-01 7.15876400e-01 3.50399464e-02
 9.35934917e-01 8.97790072e-01 7.35889556e-01 5.56016254e-01
 1.14274352e-01 4.31945899e-01 2.75270275e-01 8.74526447e-01
 9.36709428e-01 9.02953572e-01 8.16297801e-01 4.64646778e-01
 6.16048959e-01 4.93136865e-01 6.22463513e-01 6.76659315e-01
 7.50898593e-01 9.22768427e-01 3.38472945e-01 7.59850650e-01
 6.49158467e-01 6.16538947e-01 6.52047032e-01 9.85525301e-01
 2.30394251e-01 7.26073384e-01 4.56907337e-01 7.88024692e-01
 9.37772585e-02 9.22090894e-01 9.98890042e-01 6.92458653e-01
 9.87205605e-01 8.83566752e-01 4.56186381e-01 9.43262146e-01
 9.43414004e-01 5.35276885e-01 3.34095594e-01 4.22793258e-01
 8.26917174e-01 8.20677595e-01 3.75434467e-01 8.06780222e-01
 3.99990644e-02 8.02796287e-01 9.94037746e-01 6.73202614e-01
 9.87152353e-01 6.51519722e-01 2.70200394e-01 5.64940680e-01
 2.34528697e-01 8.15079176e-01 5.97465896e-01 5.12450649e-01
 6.53464234e-01 4.68114923e-01 7.79276642e-01 9.42224270e-01
 3.44379554e-01 8.49352071e-01 5.24491695e-01 9.29714644e-01
 9.45453915e-01 8.49233946e-01 9.09441570e-01 5.75858406e-01
 1.59744531e-01 7.12666716e-01 1.27244691e-01 5.82293771e-01
 1.15045114e-02 8.15553291e-01 9.49816452e-01 6.75958812e-01
 7.48551759e-01 9.29692612e-01 7.25438187e-01 1.37013277e-01
 4.64089800e-01 1.06503977e-01 9.65955090e-01 3.05061874e-01
 8.05025023e-01 4.89007783e-01 8.18678422e-01 9.94465260e-01
 2.20432023e-01 8.04380059e-01 2.83443193e-01 4.86623974e-01
 9.33711023e-01 9.40518522e-01 9.97998122e-01 5.71098402e-01
 7.91866780e-01 2.13577906e-01 5.79238179e-01 9.59942076e-01
 2.12831530e-01 8.08527171e-01 5.11407489e-01 9.26997132e-01
 6.57436076e-01 7.36825162e-01 5.86277080e-01 8.51280955e-01
 7.17999428e-01 5.36285633e-01 7.61000105e-01 6.09127886e-01
 6.69559548e-01 7.79422152e-01 7.11994603e-01 7.84023403e-01
 9.48781220e-01 6.71018439e-01 5.87900053e-01 6.05380690e-01
 8.67993725e-01 3.58084675e-01 1.63811372e-01 9.03123952e-01
 7.15699551e-01 6.79318149e-01 9.59470285e-01 6.22272773e-01
 7.61443535e-01 3.97740549e-01 4.37911950e-01 4.73389732e-01
 3.09530711e-01 2.33445254e-01 6.57644689e-01 3.73983166e-01
 8.48595931e-01 7.73346937e-01 3.47497274e-01 7.53894712e-01
 3.41037238e-01 4.00006869e-01 6.22443845e-01 7.83049294e-01
 4.74313880e-01 5.98529539e-01 8.39153751e-01 7.86527153e-01
 7.77383437e-01 9.54053883e-01 1.83811957e-01 5.23165496e-01
 5.96404192e-01 9.26398041e-01 4.58303921e-01 7.09136593e-01
 7.55387611e-01 9.73236666e-01 1.54556854e-01 6.37535299e-01
 3.21279797e-01 8.50453018e-01 9.35379654e-01 7.86907638e-01
 8.69959350e-01 8.12119659e-02 7.81589485e-01 8.99641016e-01
 1.40524882e-01 6.62772300e-01 6.81004918e-01 8.12798474e-01
 6.48913857e-01 5.38500701e-01 6.72829034e-01 8.99223294e-01
 2.47428933e-01 7.75735710e-01 4.03203974e-02 1.35493583e-01
 4.64718927e-01 6.38978518e-01 5.08036962e-01 5.11053409e-01
 5.25641830e-01 7.97632147e-01 1.51980093e-01 2.36127152e-01
 5.53928883e-01 7.09244615e-01 7.95132109e-01 9.04585299e-02
 2.32626377e-01 7.42609282e-01 9.12512339e-01 6.26891008e-01
 5.62755445e-01 2.04418026e-01 9.14146700e-01 8.96011927e-01
 7.01502933e-01 6.33491166e-01 7.81889134e-01 8.63274844e-01
 7.16704714e-01 7.50086316e-01 8.11635074e-01 6.24708583e-01
 3.73542448e-01 6.57214121e-01 6.38175440e-01 9.19548938e-01
 9.82572811e-01 3.51340924e-01 8.86320541e-01 8.53816980e-01
 4.14739724e-01 5.08866651e-01 8.77206081e-01 9.31502899e-01
 9.78732174e-01 9.57968573e-01 8.05701384e-01 6.17910400e-01
 9.03715756e-01 8.72664555e-01 6.70493096e-01 5.26939085e-01
 4.88685645e-01 6.73950273e-02 6.33696560e-03 8.36988287e-01
 5.62878971e-01 6.26850883e-01 8.92560985e-01 8.16159014e-01
 1.10588848e-01 8.27724856e-01 6.73802402e-01 1.61101743e-01
 7.31952073e-01 2.13278603e-01 9.10236195e-01 1.77326054e-01
 9.31364972e-01 3.16594557e-01 4.74316002e-01 3.07573566e-01
 7.69728681e-01 9.03503406e-01 4.40203551e-01 4.37765013e-01
 5.25472804e-01 7.58447485e-01 9.98240900e-01 9.83106851e-01
 7.74661346e-02 8.66611166e-01 1.36827698e-01 5.65119758e-01
 6.98995126e-01 3.18804816e-01 8.24747717e-01 5.55216669e-01
 8.31197655e-01 9.01596199e-01 9.06290415e-01 7.51328620e-01
 4.17788635e-01 7.25671010e-01 7.18239251e-01 5.11790450e-01
 3.86698228e-01 2.64960320e-01 3.75470584e-01 8.59798023e-01
 5.79494813e-01 8.25867009e-01 5.76055144e-01 2.11336497e-01
 9.46824119e-01 9.72077736e-01 7.30181239e-01 6.97199511e-01
 6.07886463e-01 9.68041783e-01 9.76823177e-01 1.07256804e-01
 5.42133406e-02 5.81246510e-01 9.75263425e-01 1.00407297e-02
 4.78812387e-01 6.32156719e-01 9.39326293e-01 6.72315761e-01
 7.76287650e-01 7.30081085e-01 9.37511711e-01 9.59776089e-01
 2.32641996e-01 9.26040484e-01 8.55551896e-01 4.11842555e-01
 1.07228291e-01 4.22347234e-01 1.41533671e-01 7.06909009e-01
 7.68766787e-01 4.80964652e-01 7.04053764e-01 2.35806826e-01
 2.60477844e-02 6.39056275e-01 3.25946751e-01 8.60547600e-01
 1.41381421e-01 5.50588134e-01 8.82285026e-01 4.61460680e-01
 1.15970342e-01 4.98337454e-01 3.43740257e-01 7.46309129e-01
 6.77384264e-01 7.74490574e-01 7.83236005e-01 3.89135855e-01
 8.19941720e-01 9.17783747e-01 8.70278221e-01 8.07884408e-01
 3.87766172e-02 5.63951826e-01 7.49696860e-01 4.60590346e-01
 3.58005916e-01 1.78815912e-01 7.00114582e-01 5.88797968e-01
 8.00127803e-01 6.57027389e-01 4.00797886e-01 9.27583239e-01
 9.90549355e-01 8.19471345e-01 3.13236387e-02 6.96513540e-01
 1.88290336e-01 1.02707674e-01 4.48645419e-01 6.22702494e-01
 8.72603845e-01 1.85128767e-01 5.78356557e-01 7.95905325e-01
 1.10527606e-01 8.49612894e-01 8.15866426e-01 1.85402177e-01
 8.83500098e-01 4.77518667e-01 8.18964948e-01 9.44681747e-01
 2.08389045e-01 6.59249933e-01 3.67054323e-01 8.70461872e-01
 8.20588683e-01 9.41888453e-01 9.82043750e-01 3.76957682e-01
 8.44937541e-01 2.96783318e-01 6.59037989e-01 9.04023351e-01
 7.63220962e-01 2.35520123e-01 7.76883935e-01 7.17801672e-01
 3.05907664e-01 8.05700458e-01 5.74876530e-01 1.74991573e-01
 9.33921951e-01 1.98013541e-01 6.45003584e-01 5.07286914e-01
 2.10313325e-01 3.04371309e-01 6.42163648e-01 9.06842719e-01
 8.42887936e-01 9.44679356e-01 5.95240181e-03 8.51910633e-01
 5.40677848e-01 2.52526063e-01 6.35966212e-01 8.95709572e-01
 7.97412715e-01 9.89504487e-01 5.62440689e-01 3.69497740e-01
 8.97315816e-01 4.22712911e-01 2.50193118e-01 9.62331942e-01
 5.73542606e-01 7.08195366e-01 7.10358285e-01 2.62558629e-02
 8.45756758e-01 9.69222132e-01 9.52713329e-01 1.52404215e-01
 7.48023287e-01 6.08922847e-01 9.26709536e-01 1.13020534e-01
 3.65389821e-01 8.22480045e-01 7.58515749e-01 7.93964472e-01
 6.23173298e-01 8.53915249e-01 9.39418009e-02 4.69493242e-01
 6.36686843e-02 1.83698054e-01 9.72877061e-01 8.44749259e-01
 9.75893550e-01 4.19474003e-01 8.45287169e-01 7.77462455e-01
 2.81897515e-01 5.19927704e-01 6.81166675e-01 8.20405725e-01
 5.29621095e-01 6.32263637e-01 9.46030996e-01 7.38289968e-02
 4.52014634e-01 1.89563720e-01 6.01138406e-01 9.21112140e-01
 2.02659015e-01 8.42193018e-01 8.37768457e-01 8.47068575e-01
 8.43375163e-01 1.57955442e-01 7.99404327e-01 8.41436488e-01
 7.97691710e-01 3.26562024e-01 8.02420094e-01 6.63009819e-01
 7.06663525e-01 7.53105330e-01 1.62130655e-01 3.80581990e-01
 3.44020081e-01 5.97467258e-01 9.79068736e-01 2.11464049e-01
 4.64807302e-01 3.61570840e-01 9.92620525e-01 5.27960186e-01
 5.68282074e-01 4.62315446e-02 6.51652620e-02 1.80595576e-01
 8.57002475e-01 1.82813526e-01 5.36296791e-01 8.40320363e-01
 5.03421666e-01 9.87779034e-01 7.39006343e-01 4.99821323e-01
 7.56479816e-01 3.10049147e-01 4.31871563e-01 6.00371375e-01
 1.79615832e-01 5.80702884e-01 8.04735466e-01 6.93581347e-01
 4.85845859e-01 1.37176575e-01 3.57574804e-01 4.03667891e-01
 7.27003605e-01 8.24750806e-01 8.35816039e-01 1.37051340e-01
 7.40933539e-01 8.84939124e-01 5.24383977e-01 5.74562092e-01
 8.84507981e-01 2.41626924e-01 8.29457429e-01 6.27551801e-01
 6.08822461e-01 4.15518852e-03 9.94134178e-01 8.42675464e-01
 7.40224102e-01 1.78400567e-01 2.80544956e-01 9.31449207e-01
 5.51005948e-01 3.33517919e-01 3.98988134e-01 9.67170106e-01
 5.48577132e-01 6.26884959e-01 7.75449231e-01 1.83235667e-01
 4.56745986e-01 9.85380185e-01 5.84643578e-01 8.08721464e-01
 9.65603566e-01 8.53980938e-01 2.06785101e-02 7.35935184e-01
 4.91991010e-01 5.07115562e-01 2.10579428e-01 6.70654025e-01
 7.74482823e-01 7.02882991e-02 6.02364622e-01 5.59182512e-01
 5.79610106e-01 8.04395889e-01 1.52980679e-01 5.30894112e-01
 6.52675220e-01 5.49663635e-01 6.45969057e-01 9.25728776e-01
 9.67650578e-02 9.04873392e-01 6.92702601e-01 1.43231571e-01
 2.64878194e-01 8.04479424e-01 8.28328517e-02 9.84875157e-01
 8.48484264e-01 5.73164690e-01 9.36030792e-01 8.83989496e-01
 9.18363946e-01 2.46598252e-02 6.02094037e-01 5.30652244e-01
 4.11870222e-01 7.84810584e-01 6.70224767e-01 3.16113135e-01
 3.97731094e-01 2.72907281e-01 2.64812697e-01 6.83547210e-01
 6.38042559e-01 9.63568702e-01 8.52397410e-01 4.86408191e-01
 8.31207542e-01 6.30950717e-01 7.93349546e-01 5.10591449e-01
 9.81996225e-01 6.30973809e-01 7.77397147e-01 1.10273212e-01
 5.19835925e-01 8.81314396e-01 6.21696209e-01 9.68341215e-01
 9.16927511e-01 2.88119301e-01 3.80184797e-02 6.44768956e-01
 8.87552331e-01 8.98700388e-01 4.20585081e-01 8.46481690e-01
 8.53398248e-01 2.54405286e-01 7.10701410e-02 6.44396416e-01
 9.55589892e-01 8.01146023e-01 8.65349653e-01 1.06948935e-01
 3.74702381e-01 6.03312215e-01 9.93200066e-01 3.61474530e-01
 3.89980182e-02 3.99751418e-01 9.49711390e-01 6.04877774e-01
 2.28895110e-01 9.68201201e-01 7.14735535e-01 8.78755857e-01
 9.05353719e-01 7.32412894e-01 7.60320179e-01 7.63926480e-01
 4.34888624e-01 8.81048667e-01 6.96860215e-01 5.07523340e-01
 4.67970104e-01 9.63525237e-01 2.86590934e-01 6.35178401e-01
 6.53237065e-01 7.60783917e-01 8.18260560e-01 9.46530035e-01
 8.80028513e-01 3.78988884e-01 5.96496064e-02 7.52125743e-01
 6.48467737e-02 7.78216229e-01 5.06214922e-01 8.50743392e-01
 9.17229180e-01 7.72985279e-01 3.55120082e-01 5.43096151e-01
 5.86679419e-01 9.66385454e-01 2.94970912e-01 9.37735857e-01
 8.97993735e-01 9.71741833e-01 6.32738453e-01 5.91473369e-01
 5.30969680e-01 7.31755241e-01 6.24444778e-01 5.77252761e-01
 9.52517774e-01 8.96828779e-01 9.77673732e-01 7.68670645e-01
 6.64206790e-01 1.03576762e-01 7.55536660e-01 9.13013142e-01
 8.54833564e-01 8.67565616e-01 8.60847885e-01 3.50290264e-01
 6.70607365e-01 8.80703589e-01 6.23744851e-01 9.76690262e-01
 6.84452762e-01 2.08811786e-01 5.57430731e-01 5.31830731e-01
 4.56219208e-01 8.26642328e-01 9.17864971e-01 5.96864834e-01
 8.89338717e-01 7.88445759e-01 9.12620423e-01 4.80802803e-01
 1.33143329e-01 6.53718858e-01 5.89795628e-01 1.89103223e-01
 6.27552722e-01 1.60797861e-01 8.48892299e-01 6.13324381e-01
 2.85418586e-01 7.09155619e-01 8.00577261e-01 6.20725547e-01
 9.75241086e-01 4.71693919e-01 6.63305419e-01 8.87959908e-01
 8.70150718e-01 2.97432768e-01 3.69631947e-01 1.40535498e-01
 2.88305096e-01 9.64899352e-01 5.85896856e-01 9.27055574e-01
 1.24750568e-01 2.97688581e-01 3.20719319e-01 8.38533520e-01
 2.54590097e-01 2.76247464e-01 9.34272638e-01 5.70192796e-01
 5.45811418e-01 3.85967727e-01 4.15008977e-01 7.77979421e-01
 2.69108208e-01 8.59539139e-01 2.93957488e-01 5.21341322e-01
 6.50216437e-01 9.14158067e-01 6.03898425e-01 9.46563032e-01
 7.60750231e-01 9.61127501e-01 9.49002605e-01 9.60599108e-01
 8.51678931e-01 8.93171065e-01 3.14179623e-01 3.80531595e-01
 6.88850799e-01 8.77851907e-01 4.71392946e-01 9.02786663e-01
 6.48236086e-01 5.14149128e-01 7.71780016e-01 8.65283356e-01
 3.06775818e-01 6.30849046e-01 4.56088914e-01 4.32929752e-01
 4.89539091e-01 2.82127125e-01 9.50565205e-01 5.65931395e-01
 4.82316688e-01 3.95849828e-01 9.67057136e-01 5.58995655e-01
 3.31939080e-01 3.95957472e-01 4.98914595e-01 1.76629946e-01
 5.79769571e-01 7.40071957e-01 5.17406062e-01 2.09168959e-01
 3.88776302e-01 4.48381973e-01 6.11992504e-01 8.03383148e-01
 8.17241773e-01 3.43416548e-01 9.90530856e-01 6.91413701e-01
 8.17442378e-01 9.41403456e-01 2.91298296e-01 1.15747071e-02
 9.99849951e-01 5.12553837e-01 5.34981009e-01 3.05839909e-01
 7.59039426e-01 4.00915853e-01 9.76527340e-01 3.80523313e-01
 8.90033270e-01 6.38887196e-01 8.49134242e-01 6.27861736e-01
 8.57213323e-01 6.93161627e-01 5.95657907e-01 7.92692316e-04
 5.50973229e-01 2.89556520e-01 5.82153646e-01 6.20316902e-01
 6.56952540e-01 5.99713684e-01 9.17900787e-01 5.87254617e-01
 2.73276589e-01 9.12238222e-01 1.89164970e-01 1.18674704e-01
 7.24452459e-01 7.14696133e-01 7.94014032e-01 6.71750557e-01
 5.97642258e-01 6.01252900e-01 1.85895385e-01 4.17671107e-01
 6.87329478e-01 3.06729732e-01 4.02074093e-01 4.06527010e-02
 4.51055957e-01 5.87232534e-01 6.15362390e-01 5.23857931e-01
 1.89876702e-01 8.42562704e-01 9.79039277e-01 1.95134466e-01
 4.52249606e-01 3.09880633e-01 8.43174005e-01 4.94628928e-01
 4.21161581e-03 8.50121308e-01 3.82683817e-01 8.28697148e-01
 8.04053158e-01 6.94636733e-01 2.29968821e-01 9.45770865e-01
 5.07859884e-01 7.67678473e-01 8.19190340e-01 1.97674817e-01
 8.60565991e-02 5.92343767e-01 7.56531960e-01 1.28114584e-01
 1.33367462e-01 7.28250381e-01 3.63279678e-01 6.67604661e-01
 6.69832747e-01 6.44966089e-01 6.60564790e-01 8.43447406e-01
]