 0.91632373 0.28043634 0.75169269 0.60023029 0.70346133 0.71795362
 0.20975749 0.91238791 0.3465001  0.58160693 0.46146962 0.66723689
 0.9962631  0.74167008 0.46180711 0.98882191 0.75415213 0.87098867
 0.75520812 0.23179946 0.3733853  0.53055647 0.66248295 0.82737265
 0.42371782 0.80194821 0.58777426 0.4079635  0.85672701 0.70594796
 0.24994392 0.27388777 0.08678307 0.07435266 0.49163201 0.00711129
 0.19669506 0.67080625 0.63990786 0.90095454 0.48900404 0.36126056
 0.52899113 0.377578   0.79051223 0.22458374 0.41388483 0.85229845
 0.11765878 0.20975919 0.19712746 0.58418892 0.77974303 0.13866067
 0.49663713 0.68844289 0.96942474 0.34801575 0.78060271 0.89589477
 0.60287833 0.75019769 0.05963985 0.60480278 0.54364122 0.82857664
 0.69674981 0.69756342 0.63741202 0.97390155 0.91795341 0.79859171
 0.35577393 0.7448849  0.96877174 0.32645087 0.63654453 0.02023378
 0.76565053 0.6813439  0.96243907 0.59998895 0.36757822 0.45648159
 0.27573546 0.9558024  0.73868902 0.41664724 0.14187369 0.62958587
 0.96706869 0.94977544 0.4693044  0.35238819 0.60926402 0.95655519
 0.36604386 0.81004711 0.99826734 0.72663265 0.97854105 0.06906978
 0.94191894 0.77251399 0.60619142 0.48607644 0.2239329  0.96104084
 0.97611199 0.61110301 0.69394692 0.68289557 0.07861983 0.04806932
 0.7452465  0.91106758 0.72921834 0.90713286 0.91903244 0.87697381
 0.49169435 0.61755613 0.87299644 0.56645267 0.97181203 0.7451506
 0.81364395 0.40867704 0.58060041 0.30987273 0.51062967 0.79325552
 0.40061745 0.92064979 0.21399123 0.70472316 0.71165099 0.5379303
 0.48779996 0.56740128 0.95043025 0.16269773 0.79967425 0.69303317
 0.68439725 0.78074496 0.87443546 0.65297714 0.94167685 0.53449551
 0.58721073 0.73344603 0.22888302 0.62331327 0.26230646 0.00858388
 0.35597606 0.46403718 0.725992   0.77001914 0.63147594 0.5821086
 0.75307092 0.88419004 0.63532315 0.8024963  0.75606969 0.42356077
 0.0883236  0.63598954 0.8417551  0.49635998 0.32281473 0.56298432
 0.45184456 0.92244384 0.66239299 0.67344711 0.11498831 0.11860981
 0.95594997 0.97009755 0.8172899  0.65737877 0.0323535  0.93202695
 0.94962002 0.92721049 0.90106714 0.27942837 0.34192143 0.71214869
 0.76123783 0.06519564 0.81918204 0.64966878 0.87625953 0.93077971
 0.90555033 0.44711566 0.60652139 0.24410137 0.70779053 0.84957484
 0.62783981 0.50280474 0.43614567 0.58962462 0.98481326 0.21175086
 0.24720681 0.80888887 0.97973422 0.92817586 0.11191316 0.54869188
 0.66400823 0.76153669 0.77206681 0.83254817 0.75266565 0.94622834
 0.56991255 0.96577216 0.8819901  0.14747813 0.28891156 0.44660088
 0.91237963 0.83766773 0.96126099 0.86918189 0.38773187 0.88795816
 0.44118408 0.62293856 0.80178126 0.97517062 0.68594401 0.3339743
 0.94605485 0.85299967 0.8425722  0.4403052  0.8182509  0.28144178
 0.34915747 0.69606588 0.42973405 0.57135844 0.73333882 0.74225331
 0.7639624  0.69898768 0.13839387 0.8262603  0.36874189 0.87379263
 0.76727506 0.65358083 0.60832884 0.468185   0.18135049 0.98171601
 0.79334331 0.18332356 0.32726145 0.36475525 0.63954577 0.92456609
 0.50473524 0.88598251 0.37621144 0.05881697 0.36470916 0.93965189
 0.97164844 0.59773098 0.12293349 0.40921184 0.44113381 0.36114359
 0.56816176 0.79109362 0.58358162 0.25339584 0.79448551 0.23560387
 0.91118266 0.15899028 0.68531914 0.17306901 0.88732209 0.47643816
 0.76283401 0.69287983 0.81181732 0.987626   0.06406619 0.93573489
 0.9154996  0.82647093 0.82163638 0.79285569 0.02144846 0.8573143
 0.83811351 0.78326838 0.29061506 0.89452291 0.3334498  0.86156192
 0.77881304 0.40992152 0.45561889 0.4314136  0.81179258 0.6569434
 0.85739221 0.12827022 0.7208663  0.27816251 0.67386819 0.40796702
 0.4638683  0.752074   0.79662218 0.77144442 0.8845699  0.77351835
 0.42457504 0.07930792 0.82776186 0.59485969 0.95886245 0.91262185
 0.42997752 0.65080928 0.96068294 0.96630216 0.81306746 0.46372473
 0.86233031 0.45975778 0.97553258 0.71993917 0.21029907 0.76994287
 0.05957332 0.65260777 0.70418655 0.10123524 0.74777354 0.77479719
 0.50934722 0.70452442 0.12015876 0.78181943 0.82940764 0.84459946
 0.25958797 0.70888599 0.9263721  0.57609994 0.51547244 0.90371298
 0.9470365  0.52596693 0.3146619  0.73588959 0.79173009 0.77251643
 0.56359878 0.93234241 0.98626101 0.59115114 0.56736369 0.89253587
 0.47258765 0.88982927 0.95702696 0.90941551 0.11714244 0.95284761
 0.25320543 0.23662279 0.55638148 0.47956061 0.76799151 0.69786192
 0.63570635 0.64679549 0.3567271  0.90888835 0.5780491  0.38548474
 0.25444302 0.04040706 0.85776693 0.73824202 0.9236948  0.97194114
 0.99521397 0.32471831 0.94029756 0.47406591 0.91885814 0.77148944
 0.9643526  0.08706348 0.36775857 0.99943423 0.96670534 0.26104075
 0.0945399  0.38051495 0.9944219  0.59375422 0.57666823 0.68391956
 0.55391823 0.91506786 0.87440747 0.61246271 0.86962615 0.64468608
 0.93286706 0.13685857 0.81658554 0.79039986 0.77286127 0.36219582
 0.54795344 0.9063416  0.78205755 0.86650545 0.77637891 0.71023494
 0.68066916 0.61480798 0.94889653 0.84970905 0.86668208 0.77376495
 0.82648583 0.76232444 0.95519828 0.75073282 0.68226982 0.65105818
 0.30965282 0.14375674 0.30736441 0.45729216 0.80146616 0.1586216
 0.01920512 0.94431264 0.34668138 0.14772788 0.5777935  0.11724698
 0.52960263 0.42399975 0.89620884 0.57023781 0.82151993 0.02643365
 0.53534569 0.77114519 0.13492488 0.43313459 0.08118745 0.78876046
 0.97767865 0.56523363 0.8527279  0.76852074 0.8277707  0.91415081
 0.26688859 0.02919272 0.54507075 0.57058168 0.4601115  0.47034361
 0.32295082 0.4620483  0.38030196 0.92062312 0.72130571 0.09351413
 0.87035089 0.78857068 0.82060078 0.4750592  0.75005807 0.42742552
 0.50126022 0.91064011 0.4031321  0.04449516 0.5911193  0.84278393
 0.95487015 0.11131843 0.61996146 0.90569658 0.88991507 0.46436128
 0.21985692 0.85741704 0.70235166 0.72447244 0.84861392 0.02857001
 0.965346   0.42050337 0.25189995 0.86342515 0.42076079 0.55361502
 0.09127921 0.86580596 0.61770222 0.20173613 0.87840327 0.76645891
 0.2065379  0.64772342 0.96230357 0.2649072  0.84688549 0.88169973
 0.12215726 0.62693972 0.27341403 0.85747914 0.9159663  0.66716037
 0.65692629 0.25539646 0.58526537 0.68647141 0.23494976 0.43463189
 0.62640769 0.60775862 0.26620739 0.52621372 0.84622907 0.53572244
 0.91765415 0.76964301 0.75486313 0.23890768 0.06499136 0.99945362
 0.65692048 0.42316708 0.74340134 0.44446027 0.46594869 0.69572759
 0.57419756 0.68592479 0.30690639 0.91469265 0.66695233 0.3450939
 0.73511714 0.87565423 0.58632514 0.14932505 0.79858292 0.24834274
 0.60704344 0.80927707 0.64689746 0.7706523  0.09575799 0.92683582
 0.54399763 0.85276292 0.11088237 0.79295493 0.58929968 0.3868709
 0.67718799 0.60932866 0.23835296 0.4108368  0.88176732 0.42136712
 0.94631264 0.66592994 0.81436869 0.41477448 0.52110391 0.70255319
 0.07945392 0.17800982 0.84166585 0.01970751 0.97566951 0.59495929
 0.70181376 0.93857524 0.20987621 0.68379102 0.27648473 0.86576712
 0.41972051 0.51246452 0.68422197 0.70795287 0.62892123 0.59528528
 0.39848478 0.80094222 0.01686798 0.95925188 0.42223195 0.61050204
 0.18404524 0.14880384 0.97024843 0.95438001 0.49156324 0.82342816
 0.88007011 0.4594091  0.80481863 0.55745323 0.68610521 0.8991949
 0.76127136 0.55570661 0.89649924 0.8699272  0.80266226 0.5080463
 0.6120836  0.22329017 0.70540424 0.98228212 0.71755692 0.96006926
 0.38742804 0.30688405 0.315942   0.61062819 0.71233737 0.86393679
 0.80943942 0.78922534 0.79681385 0.76818    0.99966867 0.63472709
 0.69707656 0.95061091 0.07470918 0.92868304 0.57577978 0.45644685
 0.2719438  0.66576005 0.92812744 0.74853032 0.67641792 0.94692096
 0.4590235  0.25769935 0.78833309 0.73973108 0.06190374 0.95345411
 0.53952255 0.96897456 0.80435972 0.68063111 0.83990859 0.55629135
 0.64776093 0.55357897 0.45269569 0.95229788 0.03471021 0.96597533
 0.18651466 0.92850247 0.80781836 0.62738987 0.45797772 0.36930288
 0.7947789  0.87963909 0.76617071 0.55125957 0.93228424 0.30576404
 0.77981015 0.01874011 0.70169749 0.26974573 0.50806903 0.94213346
 0.80635221 0.13704872 0.43632537 0.89377216 0.71182904 0.65860996
 0.66351625 0.80638838 0.69525075 0.97228828 0.58256188 0.58327
 0.72505303 0.47586326 0.03038856 0.21090494 0.83597925 0.0841753
 0.45068955 0.89473183 0.34972597 0.32567922 0.90652596 0.41366554
 0.81347938 0.71195757 0.92226449 0.21963414 0.94233197 0.79987465
 0.60774266 0.81165941 0.78917035 0.27804911 0.38437697 0.03560993
 0.66672556 0.35565933 0.764277   0.80970716 0.80801649 0.91609471
 0.24226162 0.30851375 0.94456635 0.17821335 0.97014882 0.82132696
 0.76216759 0.73311259 0.33286667 0.06018862 0.4328433  0.8739559
 0.35688785 0.79217366 0.55826065 0.56273504 0.53952793 0.93269461
 0.10944661 0.31567729 0.6271892  0.69017611 0.51919898 0.20601701
 0.52867002 0.72053482 0.87489535 0.43848979 0.35541254 0.58772773
 0.98988069 0.5157426  0.61050655 0.49613271 0.59776561 0.51921668
 0.57827766 0.95047001 0.99638155 0.69694712 0.83082808 0.84296677
 0.32031318 0.80312975 0.72627135 0.51485519 0.46498306 0.86710582
 0.26328531 0.69455301 0.88164844 0.88914866 0.88808545 0.73065547
 0.32053158 0.86106613 0.75246964 0.89768724 0.89529213 0.99637137
 0.92075586 0.88176589 0.61838428 0.63604521 0.5506789  0.47471304
 0.73264538 0.78849311 0.29661041 0.68511811 0.16220004 0.78353309
 0.68546804 0.61791711 0.1651387  0.93852377 0.84332075 0.93408812
 0.47370982 0.89154355 0.66258109 0.26124465 0.07595845 0.63596881
 0.60542832 0.44847812 0.65688899 0.77694323 0.92266406 0.60182658
 0.6989351  0.93035383 0.50647281 0.44057626 0.72860741 0.66127281
 0.71733671 0.96008057 0.04679702 0.92327739 0.44709333 0.0275093
 0.33754524 0.76641698 0.43866806 0.85366726 0.6804269  0.74018516
 0.69007537 0.18589416 0.67185859 0.09577592 0.33956322 0.33199187
 0.78640753 0.27620536 0.79803497 0.28218306 0.86845708 0.40832274
 0.81925132 0.72512857 0.51702217 0.70098251 0.84411856 0.76135008
 0.4701941  0.34996536 0.89408683 0.29791516 0.75389761 0.93076374
 0.60437149 0.99653046 0.69224485 0.92907792 0.39071555 0.92933835
 0.69162668 0.0248702  0.25468943 0.94638329 0.84646287 0.98818836
 0.74650934 0.6334451  0.81659924 0.30197738 0.46088915 0.86458656
 0.55863607 0.32968545 0.79813611 0.35342384 0.00477496 0.53965944
 0.39810581 0.76374485 0.43686006 0.83540981 0.57387736 0.19552486
 0.80286574 0.65689487 0.9784715  0.74835653 0.38083191 0.30782523
 0.91242842 0.83052279 0.81999764 0.64650692 0.3574846  0.42500519
 0.3572409  0.11693389 0.7791929  0.16191693 0.39027303 0.3732165
 0.96467536 0.79682377 0.03044352 0.9582514  0.40000882 0.846049
 0.81987001 0.5665108  0.6133369  0.9600551  0.32241458 0.9608826
 0.5690822  0.89176831 0.66573631 0.77796106 0.78168382 0.46688288
 0.92945149 0.62180547 0.0244726  0.73461395 0.82791378 0.84536048
 0.91952489 0.99532691 0.93351184 0.89531268 0.99452202 0.9944433
 0.53271304 0.21113044 0.47663211 0.96280779 0.79635223 0.67499969
 0.91369781 0.48170036 0.20501822 0.16313595 0.92091951 0.72936393
 0.90956471 0.67807936 0.59690845 0.23279118 0.89741242 0.82100834
 0.62524126 0.9150717  0.32027265 0.18045962 0.50028388 0.30767206
 0.91081079 0.43297376 0.90477967 0.92691655 0.71644032 0.25339139
 0.97876984 0.89907147 0.51273455 0.27731    0.3656697  0.38451719
 0.24444991 0.73963102 0.96633707 0.83820502