[0.49532976 0.53452227 0.38298346 0.46820343 0.44422023 0.58737232
 0.52886083 0.51807062 0.52054944 0.61540493 0.50837271 0.56866585
 0.59817185 0.57905991 0.46612888 0.39971232 0.45224099 0.43139873
 0.3733976  0.4879979  0.54608327 0.52248907 0.53999198 0.5714101
 0.41850581 0.35495803 0.32952516 0.44801377 0.50616734 0.36102012
 0.39204462 0.56874537 0.52884058 0.62655075 0.61812396 0.67478195
 0.61220547 0.54010849 0.587029   0.60994713 0.44281442 0.53523734
 0.53802623 0.4339646  0.45488208 0.46289977 0.53091583 0.53215132
 0.45542851 0.41732652 0.45169893 0.45867946 0.37069952 0.40126443
 0.37353088 0.31501274 0.26102135 0.37581165 0.3694852  0.38154207
 0.41589485 0.42366679 0.205644   0.25588446 0.41607856 0.29459693
 0.36275999 0.47636433 0.40111524 0.37167787 0.43051681 0.37764348
 0.57376092 0.54661375 0.36340623 0.48817052 0.48238436 0.48308584
 0.54119948 0.46191647 0.5757582  0.48316123 0.3555285  0.31667265
 0.35105788 0.48164609 0.48070262 0.51205467 0.3888616  0.4952199
 0.43555618 0.4714802  0.49404942 0.52955496 0.54731617 0.47522525
 0.5782147  0.51612899 0.67401266 0.56248304 0.56179622 0.655129
 0.59216704 0.51452208 0.63095781 0.65252376 0.63415768 0.68475597
 0.67514383 0.67728189 0.51919626 0.50234075 0.51597546 0.47019885
 0.44424481 0.3932556  0.56211345 0.51103122 0.3938704  0.41405293
 0.55037417 0.57518166 0.47068218 0.52979846 0.3961393  0.48408845
 0.71023751 0.69799319 0.60331821 0.7208703  0.68185894 0.690346
 0.46173666 0.55713789 0.70182719 0.61990749 0.66392669 0.51511531
 0.56619714 0.79388916 0.59043315 0.60614086 0.66170154 0.71852957
 0.6353233  0.63822441 0.60610686 0.62531133 0.58481105 0.50035958
 0.59463264 0.50141123 0.45023961 0.57781853 0.64146728 0.52494537
 0.53923024 0.3679785  0.47289497 0.51047958 0.38211357 0.44536598
 0.49353147 0.59194925 0.60784954 0.54320465 0.40091302 0.40806089
 0.41659074 0.35563901 0.50238499 0.56111044 0.57466854 0.48232861
 0.47235679 0.4464177  0.44393764 0.3935278  0.53965837 0.50901373
 0.43772785 0.53485274 0.52601421 0.590575   0.56409752 0.59479575
 0.50567174 0.51530146 0.39039474 0.5747716  0.45367582 0.47511396
 0.38596729 0.45254261 0.46092247 0.44238229 0.37835365 0.42856023
 0.58160602 0.5475862  0.45556992 0.47207138 0.50700386 0.55953413
 0.68130218 0.59612166 0.53583392 0.57095654 0.52796002 0.43817862
 0.3323088  0.24984714 0.30912844 0.30309885 0.52403089 0.40894781
 0.46694601 0.52382287 0.47202957 0.41983398 0.53060393 0.55189161
 0.58766901 0.65578321 0.71410827 0.54024543 0.71241865 0.70053816
 0.63546141 0.57415532 0.67264044 0.62865255 0.65317342 0.63692842
 0.54304133 0.50862935 0.40725756 0.43570106 0.38089084 0.44309204
 0.36256979 0.45596164 0.39804899 0.48083532 0.53361193 0.4576172
 0.52375481 0.42520031 0.35434166 0.40936246 0.46992868 0.38765579
 0.41894112 0.56259702 0.55968663 0.53121979 0.44200833 0.50224948
 0.53347624 0.47932056 0.55471427 0.47721004 0.60632011 0.41517221
 0.40499115 0.51213212 0.48398604 0.48046463 0.45071757 0.53695944
 0.69086139 0.67681449 0.48399663 0.4500118  0.49102027 0.60746521
 0.59973806 0.40521199 0.42187543 0.34067524 0.35689216 0.39405371
 0.33595794 0.35632846 0.4272376  0.48782182 0.51392298 0.53457076
 0.5027169  0.69263414 0.48843361 0.52911081 0.49672999 0.46248297
 0.46692935 0.50720503 0.39269126 0.4473554  0.38131247 0.47582915
 0.60204796 0.61801087 0.61923106 0.6180547  0.67759331 0.69357991
 0.73628548 0.70738947 0.54289162 0.4468953  0.49966353 0.51674216
 0.43826276 0.59829969 0.61162069 0.58589092 0.58171499 0.4979441
 0.59352119 0.50020149 0.42504018 0.3319328  0.51391998 0.45528344
 0.46162928 0.46768895 0.42839697 0.40830093 0.34128375 0.36144998
 0.44011878 0.42588234 0.43987006 0.47174612 0.39807996 0.38366224
 0.39645002 0.37232511 0.45657446 0.50471908 0.58177002 0.638279
 0.6075446  0.5873344  0.4876776  0.54451358 0.52324952 0.50492706
 0.4121445  0.35479    0.35901803 0.43921217 0.47719039 0.44643014
 0.47482577 0.46410735 0.26336455 0.27881931 0.22340107 0.27042784
 0.32765628 0.35590218 0.43944828 0.39423    0.49533583 0.31383326
 0.33727438 0.4049472  0.34108616 0.5501057  0.55256734 0.43608938
 0.42768824 0.32872075 0.34115118 0.29630634 0.38359507 0.49667081
 0.37486035 0.47702837 0.30012332 0.35020374 0.45365677 0.38010408
 0.34923606 0.48369625 0.72950832 0.65746861 0.49406883 0.4989449
 0.49998303 0.52278507 0.52119137 0.57886079 0.43691032 0.5852971
 0.45284908 0.3563051  0.3809005  0.38380166 0.47603139 0.51052424
 0.42494246 0.51948869 0.62514324 0.53867998 0.49225738 0.49996935
 0.51574459 0.42496978 0.55253285 0.63888936 0.62352107 0.52233601
 0.54912663 0.65366713 0.49446057 0.54448793 0.72809143 0.53010785
 0.53860415 0.63179268 0.61602965 0.49140645 0.46834086 0.45330744
 0.42903786 0.38953288 0.49060641 0.4373349  0.41155658 0.50002242
 0.35634121 0.35720414 0.33250671 0.38957265 0.41276725 0.40555295
 0.43364566 0.45741847 0.42709074 0.50161046 0.48168965 0.41808752
 0.37916331 0.4436086  0.39924481 0.51194678 0.61154939 0.52293354
 0.50593061 0.46349195 0.58335806 0.5023501  0.52872091 0.51964122
 0.48984649 0.48160487 0.66684378 0.76605356 0.64815017 0.59079077
 0.54979343 0.49414328 0.41060768 0.41921121 0.43829172 0.40945759
 0.54725564 0.64954901 0.6204953  0.66435814 0.62619601 0.55187063
 0.61675743 0.47087782 0.60376215 0.51609047 0.45615149 0.55411109
 0.57255963 0.60708451 0.67218628 0.61265741 0.58531248 0.58377977
 0.62782148 0.63289397 0.58267358 0.56634583 0.6266603  0.5296658
 0.53361275 0.42359883 0.4998437  0.43674803 0.31987002 0.33732501
 0.29657652 0.33193551 0.35642482]